301 
 2.000000	 6.000000	 2.000000	12.000000
 0.000000	 2.558942	 5.582790	 2.558942	 4.652325	 0.000000	 0.000000
 0.000159	 2.558929	 5.582777	 2.558929	 4.652314	 0.000000	 0.000000
 0.000635	 2.558848	 5.582688	 2.558848	 4.652240	 0.000000	 0.000000
 0.001429	 2.558651	 5.582446	 2.558651	 4.652039	 0.000000	 0.000000
 0.002540	 2.558291	 5.581976	 2.558291	 4.651646	 0.000000	 0.000000
 0.003969	 2.557726	 5.581200	 2.557726	 4.651000	 0.000000	 0.000000
 0.005716	 2.556915	 5.580044	 2.556915	 4.650036	 0.000000	 0.000000
 0.007779	 2.555822	 5.578431	 2.555822	 4.648692	 0.000000	 0.000000
 0.010161	 2.554407	 5.576286	 2.554407	 4.646905	 0.000000	 0.000000
 0.012860	 2.552636	 5.573536	 2.552636	 4.644613	 0.000000	 0.000000
 0.015877	 2.550473	 5.570106	 2.550473	 4.641755	 0.000000	 0.000000
 0.019211	 2.547884	 5.565924	 2.547884	 4.638270	 0.000000	 0.000000
 0.022862	 2.544835	 5.560920	 2.544835	 4.634100	 0.000000	 0.000000
 0.026831	 2.541293	 5.555024	 2.541293	 4.629187	 0.000000	 0.000000
 0.031118	 2.537227	 5.548169	 2.537227	 4.623474	 0.000000	 0.000000
 0.035722	 2.532605	 5.540289	 2.532605	 4.616907	 0.000000	 0.000000
 0.040644	 2.527396	 5.531322	 2.527396	 4.609435	 0.000000	 0.000000
 0.045883	 2.521569	 5.521209	 2.521569	 4.601008	 0.000000	 0.000000
 0.051440	 2.515095	 5.509894	 2.515095	 4.591579	 0.000000	 0.000000
 0.057314	 2.507944	 5.497325	 2.507944	 4.581104	 0.000000	 0.000000
 0.063506	 2.500088	 5.483453	 2.500088	 4.569545	 0.000000	 0.000000
 0.070015	 2.491498	 5.468236	 2.491498	 4.556864	 0.000000	 0.000000
 0.076842	 2.482147	 5.451635	 2.482147	 4.543029	 0.000000	 0.000000
 0.083987	 2.472007	 5.433618	 2.472007	 4.528015	 0.000000	 0.000000
 0.091449	 2.461052	 5.414158	 2.461052	 4.511798	 0.000000	 0.000000
 0.099228	 2.449256	 5.393235	 2.449256	 4.494362	 0.000000	 0.000000
 0.107325	 2.436593	 5.370835	 2.436593	 4.475696	 0.000000	 0.000000
 0.115739	 2.423039	 5.346953	 2.423039	 4.455794	 0.000000	 0.000000
 0.124471	 2.408570	 5.321591	 2.408570	 4.434659	 0.000000	 0.000000
 0.133520	 2.393162	 5.294759	 2.393162	 4.412299	 0.000000	 0.000000
 0.142886	 2.376792	 5.266476	 2.376792	 4.388730	 0.000000	 0.000000
 0.152569	 2.359438	 5.236770	 2.359438	 4.363975	 0.000000	 0.000000
 0.162568	 2.341081	 5.205679	 2.341081	 4.338066	 0.000000	 0.000000
 0.172883	 2.321700	 5.173251	 2.321700	 4.311043	 0.000000	 0.000000
 0.183512	 2.301278	 5.139546	 2.301278	 4.282955	 0.000000	 0.000000
 0.194454	 2.279800	 5.104634	 2.279800	 4.253862	 0.000000	 0.000000
 0.205706	 2.257253	 5.068600	 2.257253	 4.223833	 0.000000	 0.000000
 0.217264	 2.233629	 5.031541	 2.233629	 4.192950	 0.000000	 0.000000
 0.229122	 2.208925	 4.993570	 2.208925	 4.161308	 0.000000	 0.000000
 0.241271	 2.183146	 4.954818	 2.183146	 4.129015	 0.000000	 0.000000
 0.253699	 2.156308	 4.915437	 2.156308	 4.096197	 0.000000	 0.000000
 0.266388	 2.128439	 4.875597	 2.128439	 4.062998	 0.000000	 0.000000
 0.279314	 2.099588	 4.835496	 2.099588	 4.029580	 0.000000	 0.000000
 0.292447	 2.069822	 4.795353	 2.069822	 3.996128	 0.000000	 0.000000
 0.305744	 2.039239	 4.755415	 2.039239	 3.962846	 0.000000	 0.000000
 0.319155	 2.007964	 4.715947	 2.007964	 3.929956	 0.000000	 0.000000
 0.332617	 1.976156	 4.677231	 1.976156	 3.897692	 0.000000	 0.000000
 0.346060	 1.944002	 4.639551	 1.944002	 3.866293	 0.000000	 0.000000
 0.359405	 1.911712	 4.603183	 1.911712	 3.835986	 0.000000	 0.000000
 0.372573	 1.879510	 4.568372	 1.879510	 3.806976	 0.000000	 0.000000
 0.385487	 1.847620	 4.535321	 1.847620	 3.779434	 0.000000	 0.000000
 0.398078	 1.816247	 4.504178	 1.816247	 3.753482	 0.000000	 0.000000
 0.410287	 1.785573	 4.475029	 1.785573	 3.729191	 0.000000	 0.000000
 0.422075	 1.755740	 4.447899	 1.755740	 3.706583	 0.000000	 0.000000
 0.433412	 1.726852	 4.422762	 1.726852	 3.685635	 0.000000	 0.000000
 0.444287	 1.698975	 4.399547	 1.698975	 3.666289	 0.000000	 0.000000
 0.454700	 1.672140	 4.378154	 1.672140	 3.648462	 0.000000	 0.000000
 0.464658	 1.646351	 4.358465	 1.646351	 3.632054	 0.000000	 0.000000
 0.474178	 1.621588	 4.340351	 1.621588	 3.616959	 0.000000	 0.000000
 0.483281	 1.597820	 4.323684	 1.597820	 3.603070	 0.000000	 0.000000
 0.491989	 1.575004	 4.308336	 1.575004	 3.590280	 0.000000	 0.000000
 0.500327	 1.553091	 4.294189	 1.553091	 3.578491	 0.000000	 0.000000
 0.508319	 1.532029	 4.281131	 1.532029	 3.567609	 0.000000	 0.000000
 0.515989	 1.511766	 4.269060	 1.511766	 3.557550	 0.000000	 0.000000
 0.523360	 1.492253	 4.257884	 1.492253	 3.548236	 0.000000	 0.000000
 0.530452	 1.473439	 4.247519	 1.473439	 3.539599	 0.000000	 0.000000
 0.537287	 1.455279	 4.237892	 1.455279	 3.531577	 0.000000	 0.000000
 0.543882	 1.437729	 4.228935	 1.437729	 3.524112	 0.000000	 0.000000
 0.550255	 1.420748	 4.220587	 1.420748	 3.517156	 0.000000	 0.000000
 0.556421	 1.404300	 4.212796	 1.404300	 3.510664	 0.000000	 0.000000
 0.562395	 1.388349	 4.205514	 1.388349	 3.504595	 0.000000	 0.000000
 0.568190	 1.372863	 4.198698	 1.372863	 3.498915	 0.000000	 0.000000
 0.573818	 1.357812	 4.192309	 1.357812	 3.493590	 0.000000	 0.000000
 0.579290	 1.343171	 4.186313	 1.343171	 3.488594	 0.000000	 0.000000
 0.584617	 1.328913	 4.180678	 1.328913	 3.483899	 0.000000	 0.000000
 0.589807	 1.315015	 4.175378	 1.315015	 3.479482	 0.000000	 0.000000
 0.594868	 1.301456	 4.170387	 1.301456	 3.475322	 0.000000	 0.000000
 0.599810	 1.288218	 4.165682	 1.288218	 3.471401	 0.000000	 0.000000
 0.604639	 1.275280	 4.161242	 1.275280	 3.467701	 0.000000	 0.000000
 0.609362	 1.262628	 4.157048	 1.262628	 3.464207	 0.000000	 0.000000
 0.613984	 1.250245	 4.153084	 1.250245	 3.460904	 0.000000	 0.000000
 0.618512	 1.238118	 4.149334	 1.238118	 3.457779	 0.000000	 0.000000
 0.622951	 1.226232	 4.145784	 1.226232	 3.454820	 0.000000	 0.000000
 0.627306	 1.214576	 4.142419	 1.214576	 3.452016	 0.000000	 0.000000
 0.631580	 1.203137	 4.139230	 1.203137	 3.449358	 0.000000	 0.000000
 0.635780	 1.191907	 4.136203	 1.191907	 3.446836	 0.000000	 0.000000
 0.639907	 1.180874	 4.133330	 1.180874	 3.444441	 0.000000	 0.000000
 0.643966	 1.170029	 4.130600	 1.170029	 3.442167	 0.000000	 0.000000
 0.647961	 1.159364	 4.128005	 1.159364	 3.440004	 0.000000	 0.000000
 0.651894	 1.148870	 4.125536	 1.148870	 3.437947	 0.000000	 0.000000
 0.655768	 1.138540	 4.123187	 1.138540	 3.435989	 0.000000	 0.000000
 0.659587	 1.128367	 4.120949	 1.128367	 3.434124	 0.000000	 0.000000
 0.663353	 1.118343	 4.118816	 1.118343	 3.432347	 0.000000	 0.000000
 0.667068	 1.108464	 4.116782	 1.108464	 3.430652	 0.000000	 0.000000
 0.670734	 1.098722	 4.114841	 1.098722	 3.429034	 0.000000	 0.000000
 0.674355	 1.089113	 4.112987	 1.089113	 3.427489	 0.000000	 0.000000
 0.677931	 1.079630	 4.111215	 1.079630	 3.426012	 0.000000	 0.000000
 0.681465	 1.070269	 4.109520	 1.070269	 3.424600	 0.000000	 0.000000
 0.684959	 1.061026	 4.107896	 1.061026	 3.423247	 0.000000	 0.000000
 0.688414	 1.051895	 4.106340	 1.051895	 3.421950	 0.000000	 0.000000
 0.691832	 1.042872	 4.104846	 1.042872	 3.420705	 0.000000	 0.000000
 0.695215	 1.033954	 4.103410	 1.033954	 3.419509	 0.000000	 0.000000
 0.698563	 1.025136	 4.102029	 1.025136	 3.418357	 0.000000	 0.000000
 0.701880	 1.016415	 4.100697	 1.016415	 3.417247	 0.000000	 0.000000
 0.705165	 1.007788	 4.099411	 1.007788	 3.416176	 0.000000	 0.000000
 0.708420	 0.999250	 4.098166	 0.999250	 3.415138	 0.000000	 0.000000
 0.711646	 0.990799	 4.096959	 0.990799	 3.414132	 0.000000	 0.000000
 0.714845	 0.982432	 4.095785	 0.982432	 3.413154	 0.000000	 0.000000
 0.718018	 0.974145	 4.094641	 0.974145	 3.412201	 0.000000	 0.000000
 0.721165	 0.965936	 4.093522	 0.965936	 3.411268	 0.000000	 0.000000
 0.724288	 0.957802	 4.092424	 0.957802	 3.410353	 0.000000	 0.000000
 0.727387	 0.949741	 4.091343	 0.949741	 3.409452	 0.000000	 0.000000
 0.730464	 0.941749	 4.090274	 0.941749	 3.408562	 0.000000	 0.000000
 0.733520	 0.933824	 4.089213	 0.933824	 3.407678	 0.000000	 0.000000
 0.736555	 0.925965	 4.088156	 0.925965	 3.406797	 0.000000	 0.000000
 0.739570	 0.918167	 4.087097	 0.918167	 3.405914	 0.000000	 0.000000
 0.742566	 0.910429	 4.086032	 0.910429	 3.405026	 0.000000	 0.000000
 0.745544	 0.902749	 4.084954	 0.902749	 3.404129	 0.000000	 0.000000
 0.748504	 0.895124	 4.083860	 0.895124	 3.403216	 0.000000	 0.000000
 0.751448	 0.887552	 4.082742	 0.887552	 3.402285	 0.000000	 0.000000
 0.754375	 0.880030	 4.081594	 0.880030	 3.401328	 0.000000	 0.000000
 0.757287	 0.872557	 4.080410	 0.872557	 3.400342	 0.000000	 0.000000
 0.760184	 0.865130	 4.079183	 0.865130	 3.399319	 0.000000	 0.000000
 0.763067	 0.857746	 4.077905	 0.857746	 3.398254	 0.000000	 0.000000
 0.765936	 0.850404	 4.076568	 0.850404	 3.397140	 0.000000	 0.000000
 0.768793	 0.843101	 4.075163	 0.843101	 3.395970	 0.000000	 0.000000
 0.771637	 0.835834	 4.073682	 0.835834	 3.394735	 0.000000	 0.000000
 0.774469	 0.828600	 4.072115	 0.828600	 3.393429	 0.000000	 0.000000
 0.777289	 0.821399	 4.070449	 0.821399	 3.392041	 0.000000	 0.000000
 0.780099	 0.814225	 4.068675	 0.814225	 3.390563	 0.000000	 0.000000
 0.782899	 0.807078	 4.066780	 0.807078	 3.388983	 0.000000	 0.000000
 0.785689	 0.799953	 4.064750	 0.799953	 3.387292	 0.000000	 0.000000
 0.788469	 0.792848	 4.062571	 0.792848	 3.385476	 0.000000	 0.000000
 0.791241	 0.785759	 4.060227	 0.785759	 3.383523	 0.000000	 0.000000
 0.794004	 0.778684	 4.057702	 0.778684	 3.381418	 0.000000	 0.000000
 0.796760	 0.771618	 4.054977	 0.771618	 3.379147	 0.000000	 0.000000
 0.799507	 0.764558	 4.052032	 0.764558	 3.376693	 0.000000	 0.000000
 0.802248	 0.757501	 4.048846	 0.757501	 3.374039	 0.000000	 0.000000
 0.804982	 0.750440	 4.045397	 0.750440	 3.371164	 0.000000	 0.000000
 0.807710	 0.743374	 4.041659	 0.743374	 3.368049	 0.000000	 0.000000
 0.810432	 0.736295	 4.037605	 0.736295	 3.364671	 0.000000	 0.000000
 0.813149	 0.729200	 4.033207	 0.729200	 3.361005	 0.000000	 0.000000
 0.815860	 0.722084	 4.028432	 0.722084	 3.357027	 0.000000	 0.000000
 0.818567	 0.714939	 4.023247	 0.714939	 3.352706	 0.000000	 0.000000
 0.821270	 0.707761	 4.017615	 0.707761	 3.348013	 0.000000	 0.000000
 0.823969	 0.700542	 4.011498	 0.700542	 3.342915	 0.000000	 0.000000
 0.826664	 0.693277	 4.004851	 0.693277	 3.337376	 0.000000	 0.000000
 0.829356	 0.685957	 3.997630	 0.685957	 3.331358	 0.000000	 0.000000
 0.832046	 0.678575	 3.989785	 0.678575	 3.324821	 0.000000	 0.000000
 0.834733	 0.671123	 3.981263	 0.671123	 3.317719	 0.000000	 0.000000
 0.837418	 0.663592	 3.972008	 0.663592	 3.310006	 0.000000	 0.000000
 0.840101	 0.655973	 3.961958	 0.655973	 3.301631	 0.000000	 0.000000
 0.842783	 0.648257	 3.951048	 0.648257	 3.292540	 0.000000	 0.000000
 0.845464	 0.640434	 3.939209	 0.640434	 3.282674	 0.000000	 0.000000
 0.848144	 0.632495	 3.926367	 0.632495	 3.271973	 0.000000	 0.000000
 0.850824	 0.624429	 3.912444	 0.624429	 3.260370	 0.000000	 0.000000
 0.853503	 0.616227	 3.897355	 0.616227	 3.247796	 0.000000	 0.000000
 0.856184	 0.607879	 3.881014	 0.607879	 3.234178	 0.000000	 0.000000
 0.858865	 0.599376	 3.863326	 0.599376	 3.219439	 0.000000	 0.000000
 0.861547	 0.590711	 3.844196	 0.590711	 3.203497	 0.000000	 0.000000
 0.864230	 0.581879	 3.823522	 0.581879	 3.186268	 0.000000	 0.000000
 0.866915	 0.572878	 3.801198	 0.572878	 3.167665	 0.000000	 0.000000
 0.869602	 0.563716	 3.777116	 0.563716	 3.147596	 0.000000	 0.000000
 0.872291	 0.554408	 3.751163	 0.554408	 3.125969	 0.000000	 0.000000
 0.874983	 0.544998	 3.723226	 0.544998	 3.102688	 0.000000	 0.000000
 0.877678	 0.535596	 3.693190	 0.535596	 3.077658	 0.000000	 0.000000
 0.880377	 0.526983	 3.660940	 0.526983	 3.050783	 0.000000	 0.000000
 0.883079	 0.520265	 3.626363	 0.520265	 3.021969	 0.000000	 0.000000
 0.885786	 0.513073	 3.589349	 0.513073	 2.991124	 0.000000	 0.000000
 0.888496	 0.505388	 3.549791	 0.505388	 2.958160	 0.000000	 0.000000
 0.891212	 0.497190	 3.507593	 0.497190	 2.922995	 0.000000	 0.000000
 0.893933	 0.488461	 3.462666	 0.488461	 2.885555	 0.000000	 0.000000
 0.896659	 0.479187	 3.414932	 0.479187	 2.845776	 0.000000	 0.000000
 0.899391	 0.469355	 3.364329	 0.469355	 2.803608	 0.000000	 0.000000
 0.902129	 0.458958	 3.310814	 0.458958	 2.759012	 0.000000	 0.000000
 0.904873	 0.447991	 3.254364	 0.447991	 2.711970	 0.000000	 0.000000
 0.907624	 0.436453	 3.194979	 0.436453	 2.662483	 0.000000	 0.000000
 0.910383	 0.424351	 3.132690	 0.424351	 2.610575	 0.000000	 0.000000
 0.913148	 0.411697	 3.067558	 0.411697	 2.556298	 0.000000	 0.000000
 0.915921	 0.398510	 2.999683	 0.398510	 2.499735	 0.000000	 0.000000
 0.918699	 0.384817	 2.929208	 0.384817	 2.441006	 0.000000	 0.000000
 0.921484	 0.370658	 2.856330	 0.370658	 2.380275	 0.000000	 0.000000
 0.924271	 0.356084	 2.781313	 0.356084	 2.317761	 0.000000	 0.000000
 0.927059	 0.341161	 2.704503	 0.341161	 2.253753	 0.000000	 0.000000
 0.929839	 0.325977	 2.626354	 0.325977	 2.188628	 0.000000	 0.000000
 0.932603	 0.310647	 2.547449	 0.310647	 2.122874	 0.000000	 0.000000
 0.935337	 0.295314	 2.468525	 0.295314	 2.057105	 0.000000	 0.000000
 0.938021	 0.280149	 2.390475	 0.280149	 1.992063	 0.000000	 0.000000
 0.940634	 0.265351	 2.314308	 0.265351	 1.928590	 0.000000	 0.000000
 0.943148	 0.251121	 2.241065	 0.251121	 1.867554	 0.000000	 0.000000
 0.945539	 0.237642	 2.171689	 0.237642	 1.809740	 0.000000	 0.000000
 0.947789	 0.225053	 2.106892	 0.225053	 1.755744	 0.000000	 0.000000
 0.949884	 0.213432	 2.047077	 0.213432	 1.705898	 0.000000	 0.000000
 0.951824	 0.202795	 1.992327	 0.202795	 1.660272	 0.000000	 0.000000
 0.953611	 0.193108	 1.942469	 0.193108	 1.618724	 0.000000	 0.000000
 0.955256	 0.184306	 1.897162	 0.184306	 1.580968	 0.000000	 0.000000
 0.956771	 0.176305	 1.855981	 0.176305	 1.546651	 0.000000	 0.000000
 0.958169	 0.169019	 1.818480	 0.169019	 1.515400	 0.000000	 0.000000
 0.959463	 0.162364	 1.784225	 0.162364	 1.486854	 0.000000	 0.000000
 0.960665	 0.156263	 1.752823	 0.156263	 1.460686	 0.000000	 0.000000
 0.961785	 0.150648	 1.723924	 0.150648	 1.436604	 0.000000	 0.000000
 0.962833	 0.145460	 1.697223	 0.145460	 1.414352	 0.000000	 0.000000
 0.963817	 0.140648	 1.672454	 0.140648	 1.393712	 0.000000	 0.000000
 0.964744	 0.136168	 1.649393	 0.136168	 1.374494	 0.000000	 0.000000
 0.965621	 0.131981	 1.627842	 0.131981	 1.356535	 0.000000	 0.000000
 0.966453	 0.128055	 1.607639	 0.128055	 1.339699	 0.000000	 0.000000
 0.967244	 0.124363	 1.588634	 0.124363	 1.323861	 0.000000	 0.000000
 0.967998	 0.120881	 1.570708	 0.120881	 1.308924	 0.000000	 0.000000
 0.968719	 0.117586	 1.553752	 0.117586	 1.294793	 0.000000	 0.000000
 0.969410	 0.114462	 1.537672	 0.114462	 1.281393	 0.000000	 0.000000
 0.970074	 0.111493	 1.522388	 0.111493	 1.268657	 0.000000	 0.000000
 0.970713	 0.108664	 1.507828	 0.108664	 1.256523	 0.000000	 0.000000
 0.971328	 0.105963	 1.493928	 0.105963	 1.244940	 0.000000	 0.000000
 0.971923	 0.103381	 1.480636	 0.103381	 1.233863	 0.000000	 0.000000
 0.972498	 0.100906	 1.467900	 0.100906	 1.223250	 0.000000	 0.000000
 0.973055	 0.098532	 1.455677	 0.098532	 1.213064	 0.000000	 0.000000
 0.973595	 0.096249	 1.443929	 0.096249	 1.203274	 0.000000	 0.000000
 0.974120	 0.094052	 1.432622	 0.094052	 1.193851	 0.000000	 0.000000
 0.974631	 0.091934	 1.421721	 0.091934	 1.184767	 0.000000	 0.000000
 0.975128	 0.089890	 1.411200	 0.089890	 1.176000	 0.000000	 0.000000
 0.975612	 0.087915	 1.401035	 0.087915	 1.167529	 0.000000	 0.000000
 0.976084	 0.086005	 1.391202	 0.086005	 1.159335	 0.000000	 0.000000
 0.976546	 0.084154	 1.381678	 0.084154	 1.151398	 0.000000	 0.000000
 0.976997	 0.082361	 1.372444	 0.082361	 1.143704	 0.000000	 0.000000
 0.977438	 0.080620	 1.363486	 0.080620	 1.136238	 0.000000	 0.000000
 0.977870	 0.078930	 1.354785	 0.078930	 1.128988	 0.000000	 0.000000
 0.978294	 0.077286	 1.346328	 0.077286	 1.121940	 0.000000	 0.000000
 0.978709	 0.075688	 1.338099	 0.075688	 1.115082	 0.000000	 0.000000
 0.979116	 0.074131	 1.330087	 0.074131	 1.108406	 0.000000	 0.000000
 0.979516	 0.072615	 1.322281	 0.072615	 1.101901	 0.000000	 0.000000
 0.979909	 0.071136	 1.314670	 0.071136	 1.095559	 0.000000	 0.000000
 0.980296	 0.069693	 1.307244	 0.069693	 1.089370	 0.000000	 0.000000
 0.980676	 0.068284	 1.299994	 0.068284	 1.083328	 0.000000	 0.000000
 0.981050	 0.066908	 1.292910	 0.066908	 1.077425	 0.000000	 0.000000
 0.981418	 0.065563	 1.285987	 0.065563	 1.071656	 0.000000	 0.000000
 0.981781	 0.064248	 1.279215	 0.064248	 1.066013	 0.000000	 0.000000
 0.982138	 0.062960	 1.272589	 0.062960	 1.060491	 0.000000	 0.000000
 0.982491	 0.061700	 1.266101	 0.061700	 1.055084	 0.000000	 0.000000
 0.982839	 0.060465	 1.259745	 0.060465	 1.049787	 0.000000	 0.000000
 0.983182	 0.059255	 1.253516	 0.059255	 1.044597	 0.000000	 0.000000
 0.983522	 0.058068	 1.247409	 0.058068	 1.039507	 0.000000	 0.000000
 0.983856	 0.056904	 1.241418	 0.056904	 1.034515	 0.000000	 0.000000
 0.984187	 0.055762	 1.235539	 0.055762	 1.029616	 0.000000	 0.000000
 0.984515	 0.054640	 1.229767	 0.054640	 1.024806	 0.000000	 0.000000
 0.984838	 0.053539	 1.224098	 0.053539	 1.020081	 0.000000	 0.000000
 0.985158	 0.052457	 1.218528	 0.052457	 1.015440	 0.000000	 0.000000
 0.985475	 0.051393	 1.213053	 0.051393	 1.010878	 0.000000	 0.000000
 0.985789	 0.050347	 1.207670	 0.050347	 1.006392	 0.000000	 0.000000
 0.986099	 0.049319	 1.202376	 0.049319	 1.001980	 0.000000	 0.000000
 0.986407	 0.048307	 1.197166	 0.048307	 0.997638	 0.000000	 0.000000
 0.986711	 0.047310	 1.192038	 0.047310	 0.993365	 0.000000	 0.000000
 0.987013	 0.046329	 1.186990	 0.046329	 0.989158	 0.000000	 0.000000
 0.987313	 0.045363	 1.182018	 0.045363	 0.985015	 0.000000	 0.000000
 0.987610	 0.044412	 1.177120	 0.044412	 0.980933	 0.000000	 0.000000
 0.987904	 0.043474	 1.172293	 0.043474	 0.976911	 0.000000	 0.000000
 0.988196	 0.042550	 1.167536	 0.042550	 0.972946	 0.000000	 0.000000
 0.988486	 0.041638	 1.162844	 0.041638	 0.969037	 0.000000	 0.000000
 0.988774	 0.040739	 1.158218	 0.040739	 0.965181	 0.000000	 0.000000
 0.989059	 0.039853	 1.153653	 0.039853	 0.961378	 0.000000	 0.000000
 0.989343	 0.038978	 1.149150	 0.038978	 0.957625	 0.000000	 0.000000
 0.989625	 0.038114	 1.144704	 0.038114	 0.953920	 0.000000	 0.000000
 0.989905	 0.037261	 1.140316	 0.037261	 0.950263	 0.000000	 0.000000
 0.990183	 0.036419	 1.135983	 0.036419	 0.946652	 0.000000	 0.000000
 0.990460	 0.035588	 1.131702	 0.035588	 0.943085	 0.000000	 0.000000
 0.990735	 0.034766	 1.127474	 0.034766	 0.939562	 0.000000	 0.000000
 0.991008	 0.033955	 1.123296	 0.033955	 0.936080	 0.000000	 0.000000
 0.991280	 0.033152	 1.119166	 0.033152	 0.932639	 0.000000	 0.000000
 0.991550	 0.032359	 1.115084	 0.032359	 0.929237	 0.000000	 0.000000
 0.991820	 0.031575	 1.111048	 0.031575	 0.925873	 0.000000	 0.000000
 0.992087	 0.030800	 1.107057	 0.030800	 0.922547	 0.000000	 0.000000
 0.992354	 0.030032	 1.103108	 0.030032	 0.919257	 0.000000	 0.000000
 0.992619	 0.029274	 1.099202	 0.029274	 0.916002	 0.000000	 0.000000
 0.992883	 0.028523	 1.095337	 0.028523	 0.912781	 0.000000	 0.000000
 0.993147	 0.027779	 1.091512	 0.027779	 0.909593	 0.000000	 0.000000
 0.993409	 0.027044	 1.087725	 0.027044	 0.906438	 0.000000	 0.000000
 0.993670	 0.026315	 1.083977	 0.026315	 0.903314	 0.000000	 0.000000
 0.993930	 0.025594	 1.080264	 0.025594	 0.900220	 0.000000	 0.000000
 0.994189	 0.024880	 1.076588	 0.024880	 0.897157	 0.000000	 0.000000
 0.994448	 0.024172	 1.072946	 0.024172	 0.894122	 0.000000	 0.000000
 0.994705	 0.023471	 1.069338	 0.023471	 0.891115	 0.000000	 0.000000
 0.994962	 0.022777	 1.065763	 0.022777	 0.888136	 0.000000	 0.000000
 0.995218	 0.022088	 1.062220	 0.022088	 0.885183	 0.000000	 0.000000
 0.995473	 0.021406	 1.058708	 0.021406	 0.882257	 0.000000	 0.000000
 0.995728	 0.020730	 1.055227	 0.020730	 0.879356	 0.000000	 0.000000
 0.995982	 0.020059	 1.051775	 0.020059	 0.876479	 0.000000	 0.000000
 0.996236	 0.019394	 1.048352	 0.019394	 0.873626	 0.000000	 0.000000
 0.996489	 0.018734	 1.044957	 0.018734	 0.870797	 0.000000	 0.000000
 0.996742	 0.018080	 1.041589	 0.018080	 0.867991	 0.000000	 0.000000
 0.996994	 0.017431	 1.038248	 0.017431	 0.865207	 0.000000	 0.000000
 0.997246	 0.016787	 1.034933	 0.016787	 0.862444	 0.000000	 0.000000
 0.997497	 0.016148	 1.031643	 0.016148	 0.859702	 0.000000	 0.000000
 0.997748	 0.015513	 1.028378	 0.015513	 0.856982	 0.000000	 0.000000
 0.997999	 0.014884	 1.025137	 0.014884	 0.854281	 0.000000	 0.000000
 0.998250	 0.014259	 1.021919	 0.014259	 0.851599	 0.000000	 0.000000
 0.998500	 0.013638	 1.018724	 0.013638	 0.848937	 0.000000	 0.000000
 0.998750	 0.013021	 1.015551	 0.013021	 0.846293	 0.000000	 0.000000
 0.999000	 0.012409	 1.012400	 0.012409	 0.843667	 0.000000	 0.000000
 0.999250	 0.011801	 1.009270	 0.011801	 0.841058	 0.000000	 0.000000
 0.999500	 0.011197	 1.006160	 0.011197	 0.838467	 0.000000	 0.000000
 0.999750	 0.010597	 1.003071	 0.010597	 0.835892	 0.000000	 0.000000
 1.000000	 0.010000	 1.000000	 0.010000	 0.833333	 0.000000	 0.000000
