!-----EFIT_MAP
 RPRESS = 0,-0.021,-0.0403,-0.0609,-0.0809,-0.109,-0.12,
 -0.155,-0.175168,-0.197073,-0.220027,-0.243953,-0.268764,-0.29437,-0.310671,
 -0.33571,-0.35,-0.374969,-0.402762,-0.430849,-0.459128,-0.4875,-0.515869,
 -0.544142,-0.56,-0.582233,-0.600064,-0.627568,-0.654688,-0.681374,-0.707579,
 -0.733258,-0.758359,-0.77,-0.79,-0.806589,-0.829566,-0.851672,-0.872864,
 -0.893186,-0.912755,-0.931706,-0.950228,-0.965,-0.97,-0.975,-0.983,
 -0.99,-0.994,-0.998,-1,
 SIZEROJ = 0.5, 0.75, 0.8, 0.85, 0.88, 0.91, 0.93, 0.94, 0.95, 0.958, 0.965, 0.969, 0.975, 0.985, 0.994, 0.996, 1,
 SGAMMA  =  2.851353026926517E-002,  2.060002647340298E-002,  1.554633677005768E-002,  9.221734479069710E-003,  1.146512571722269E-002,  5.261410027742386E-003,  6.365042179822922E-003,
   8.607927709817886E-003,  3.900431795045733E-003,  1.548794098198414E-003,  3.147080540657043E-002,  1.727560651488602E-003,  1.929432735778391E-003,  1.670969184488058E-003,  2.183458302170038E-003
 ,  3.561863908544183E-003,  1.598516246303916E-003,  3.539117053151131E-003,  7.526577683165669E-004,  5.497558740898967E-004,  1.364597817882895E-003,  2.804163610562682E-003,
   8.208644576370716E-003,  5.735557526350021E-003,  2.208827435970306E-002,
 FWTGAM  =  1.000000000000000E+000, 8*1.00000000000000        , 2*1.000000000000000E+000  , 3*1.00000000000000        , 3*0.000000000000000E+000  , 2*0.00000000000000        ,
  6*0.000000000000000E+000  ,
 SGAMMA  =  2.851353026926517E-002,  2.060002647340298E-002,  1.554633677005768E-002,  9.221734479069710E-003,  1.146512571722269E-002,  5.261410027742386E-003,  6.365042179822922E-003,
   8.607927709817886E-003,  3.900431795045733E-003,  1.548794098198414E-003,  3.147080540657043E-002,  1.727560651488602E-003,  1.929432735778391E-003,  1.670969184488058E-003,  2.183458302170038E-003
 ,  3.561863908544183E-003,  1.598516246303916E-003,  3.539117053151131E-003,  7.526577683165669E-004,  5.497558740898967E-004,  1.364597817882895E-003,  2.804163610562682E-003,
   8.208644576370716E-003,  5.735557526350021E-003,  2.208827435970306E-002,
 FWTGAM  =  0.000000000000000E+000, 8*1.00000000000000        , 2*0.000000000000000E+000  , 3*1.00000000000000        , 3*0.000000000000000E+000  , 2*1.00000000000000        ,
  6*0.000000000000000E+000  ,
 RRRGAM  =   1.74846315383911     ,   1.76905190944672     ,   1.79190647602081     ,   1.81582427024841     ,   1.83886647224426     ,   1.86222457885742     ,   1.88364756107330     ,
    1.90648186206818     ,   1.92847239971161     ,   1.95025289058685     ,   1.97263884544373     ,   1.99449598789215     ,   2.01665592193604     ,   2.03910946846008     ,   2.06226253509521
 ,   2.08331537246704     ,   2.10749626159668     ,   2.13130974769592     ,   2.15327811241150     ,   2.17581772804260     ,   2.19782567024231     ,   2.22002124786377     ,
    2.24164986610413     ,   2.26495218276978     ,   2.28653669357300     ,
 ZZZGAM  = 25*0.000000000000000E+000  ,
 AA1GAM  =  0.810571372509003     ,  0.804823875427246     ,  0.798364341259003     ,  0.791500449180603     ,  0.784774959087372     ,  0.777832448482513     ,  0.771345734596252     ,
   0.764297306537628     ,  0.757370114326477     ,  0.750366628170013     ,  0.743013322353363     ,  0.735676288604736     ,  0.728069841861725     ,  0.720184862613678     ,  0.711859166622162
 ,  0.704110920429230     ,  0.694995045661926     ,  0.685783743858337     ,  0.677074193954468     ,  0.667920172214508     ,  0.658763349056244     ,  0.649303913116455     ,
   0.639864385128021     ,  0.629442930221558     ,  0.619552373886108     ,
 AA2GAM  =  0.525270521640778     ,  0.540959656238556     ,  0.557260751724243     ,  0.573201417922974     ,  0.587591111660004     ,  0.601307153701782     ,  0.613187074661255     ,
   0.625177323818207     ,  0.636122941970825     ,  0.646428704261780     ,  0.656508147716522     ,  0.665884554386139     ,  0.674955546855927     ,  0.683731019496918     ,  0.692371010780334
 ,  0.699890673160553     ,  0.708157837390900     ,  0.715937733650208     ,  0.722816765308380     ,  0.729595065116882     ,  0.735956072807312     ,  0.742128014564514     ,
   0.747919976711273     ,  0.753928124904633     ,  0.759289681911469     ,
 AA3GAM  = -0.850935280323029     , -0.841048538684845     , -0.830337524414062     , -0.819414496421814     , -0.809157967567444     , -0.799017965793610     , -0.789937674999237     ,
  -0.780482769012451     , -0.771587669849396     , -0.762974381446838     , -0.754318892955780     , -0.746054768562317     , -0.737858355045319     , -0.729734122753143     , -0.721541643142700
 , -0.714250028133392     , -0.706054210662842     , -0.698164105415344     , -0.691039741039276     , -0.683879435062408     , -0.677029252052307     , -0.670258164405823     ,
  -0.663788914680481     , -0.656956911087036     , -0.650752782821655     ,
 AA4GAM  = 25*0.000000000000000E+000  ,
 AA5GAM  = 25*0.000000000000000E+000  ,
 AA6GAM  = 25*0.000000000000000E+000  ,
