             RMPT357      RMPT267      RMPT177      RMPT087      RMPM002      RMPM272      RMPM182      RMPM092      RMPB357      RMPB267      RMPB177      RMPB087      
'FL01      ' 1.323e-08    1.323e-08    1.323e-08    1.323e-08    -4.645e-09   -4.645e-09   -4.645e-09   -4.645e-09   -2.856e-07   -2.856e-07   -2.856e-07   -2.856e-07   
'FL02      ' 1.264e-08    1.264e-08    1.264e-08    1.264e-08    -5.495e-09   -5.495e-09   -5.495e-09   -5.495e-09   -2.698e-07   -2.698e-07   -2.698e-07   -2.698e-07   
'FL03      ' 9.898e-09    9.898e-09    9.898e-09    9.898e-09    -2.642e-07   -2.642e-07   -2.642e-07   -2.642e-07   4.488e-08    4.488e-08    4.488e-08    4.488e-08    
'FL04      ' 9.765e-09    9.765e-09    9.765e-09    9.765e-09    -2.609e-07   -2.609e-07   -2.609e-07   -2.609e-07   4.383e-08    4.383e-08    4.383e-08    4.383e-08    
'FL05      ' -2.130e-07   -2.130e-07   -2.130e-07   -2.130e-07   5.582e-08    5.582e-08    5.582e-08    5.582e-08    1.732e-08    1.732e-08    1.732e-08    1.732e-08    
'FL06      ' -2.090e-07   -2.090e-07   -2.090e-07   -2.090e-07   5.406e-08    5.406e-08    5.406e-08    5.406e-08    1.684e-08    1.684e-08    1.684e-08    1.684e-08    
'FL07      ' -1.896e-07   -1.896e-07   -1.896e-07   -1.896e-07   4.550e-08    4.550e-08    4.550e-08    4.550e-08    1.458e-08    1.458e-08    1.458e-08    1.458e-08    
'FL08      ' -1.871e-07   -1.871e-07   -1.871e-07   -1.871e-07   4.438e-08    4.438e-08    4.438e-08    4.438e-08    1.430e-08    1.430e-08    1.430e-08    1.430e-08    
'FL09      ' -1.848e-07   -1.848e-07   -1.848e-07   -1.848e-07   4.333e-08    4.333e-08    4.333e-08    4.333e-08    1.404e-08    1.404e-08    1.404e-08    1.404e-08    
'FL10      ' -1.827e-07   -1.827e-07   -1.827e-07   -1.827e-07   4.236e-08    4.236e-08    4.236e-08    4.236e-08    1.381e-08    1.381e-08    1.381e-08    1.381e-08    
'FL11      ' -1.809e-07   -1.809e-07   -1.809e-07   -1.809e-07   4.151e-08    4.151e-08    4.151e-08    4.151e-08    1.362e-08    1.362e-08    1.362e-08    1.362e-08    
'FL12      ' -1.745e-07   -1.745e-07   -1.745e-07   -1.745e-07   4.064e-08    4.064e-08    4.064e-08    4.064e-08    1.343e-08    1.343e-08    1.343e-08    1.343e-08    
'FL13      ' -1.691e-07   -1.691e-07   -1.691e-07   -1.691e-07   3.727e-08    3.727e-08    3.727e-08    3.727e-08    1.288e-08    1.288e-08    1.288e-08    1.288e-08    
'FL14      ' -1.692e-07   -1.692e-07   -1.692e-07   -1.692e-07   3.679e-08    3.679e-08    3.679e-08    3.679e-08    1.291e-08    1.291e-08    1.291e-08    1.291e-08    
'FL15      ' -1.694e-07   -1.694e-07   -1.694e-07   -1.694e-07   3.652e-08    3.652e-08    3.652e-08    3.652e-08    1.295e-08    1.295e-08    1.295e-08    1.295e-08    
'FL16      ' -1.697e-07   -1.697e-07   -1.697e-07   -1.697e-07   3.631e-08    3.631e-08    3.631e-08    3.631e-08    1.300e-08    1.300e-08    1.300e-08    1.300e-08    
'FL17      ' -1.705e-07   -1.705e-07   -1.705e-07   -1.705e-07   3.622e-08    3.622e-08    3.622e-08    3.622e-08    1.311e-08    1.311e-08    1.311e-08    1.311e-08    
'FL18      ' -1.713e-07   -1.713e-07   -1.713e-07   -1.713e-07   3.610e-08    3.610e-08    3.610e-08    3.610e-08    1.322e-08    1.322e-08    1.322e-08    1.322e-08    
'FL19      ' -1.742e-07   -1.742e-07   -1.742e-07   -1.742e-07   3.475e-08    3.475e-08    3.475e-08    3.475e-08    1.362e-08    1.362e-08    1.362e-08    1.362e-08    
'FL20      ' -1.767e-07   -1.767e-07   -1.767e-07   -1.767e-07   3.274e-08    3.274e-08    3.274e-08    3.274e-08    1.392e-08    1.392e-08    1.392e-08    1.392e-08    
'FL21      ' -2.860e-10   -2.860e-10   -2.860e-10   -2.860e-10   1.433e-08    1.433e-08    1.433e-08    1.433e-08    1.181e-08    1.181e-08    1.181e-08    1.181e-08    
'FL22      ' -4.322e-09   -4.322e-09   -4.322e-09   -4.322e-09   7.329e-09    7.329e-09    7.329e-09    7.329e-09    1.004e-08    1.004e-08    1.004e-08    1.004e-08    
'FL23      ' -7.564e-09   -7.564e-09   -7.564e-09   -7.564e-09   -1.185e-11   -1.185e-11   -1.185e-11   -1.185e-11   7.555e-09    7.555e-09    7.555e-09    7.555e-09    
'FL24      ' -1.004e-08   -1.004e-08   -1.004e-08   -1.004e-08   -7.324e-09   -7.324e-09   -7.324e-09   -7.324e-09   4.334e-09    4.334e-09    4.334e-09    4.334e-09    
'FL25      ' -1.180e-08   -1.180e-08   -1.180e-08   -1.180e-08   -1.428e-08   -1.428e-08   -1.428e-08   -1.428e-08   3.151e-10    3.151e-10    3.151e-10    3.151e-10    
'FL26      ' -1.392e-08   -1.392e-08   -1.392e-08   -1.392e-08   -3.274e-08   -3.274e-08   -3.274e-08   -3.274e-08   1.767e-07    1.767e-07    1.767e-07    1.767e-07    
'FL27      ' -1.365e-08   -1.365e-08   -1.365e-08   -1.365e-08   -3.482e-08   -3.482e-08   -3.482e-08   -3.482e-08   1.744e-07    1.744e-07    1.744e-07    1.744e-07    
'FL28      ' -1.327e-08   -1.327e-08   -1.327e-08   -1.327e-08   -3.624e-08   -3.624e-08   -3.624e-08   -3.624e-08   1.717e-07    1.717e-07    1.717e-07    1.717e-07    
'FL29      ' -1.315e-08   -1.315e-08   -1.315e-08   -1.315e-08   -3.634e-08   -3.634e-08   -3.634e-08   -3.634e-08   1.708e-07    1.708e-07    1.708e-07    1.708e-07    
'FL30      ' -1.308e-08   -1.308e-08   -1.308e-08   -1.308e-08   -3.653e-08   -3.653e-08   -3.653e-08   -3.653e-08   1.703e-07    1.703e-07    1.703e-07    1.703e-07    
'FL31      ' -1.298e-08   -1.298e-08   -1.298e-08   -1.298e-08   -3.662e-08   -3.662e-08   -3.662e-08   -3.662e-08   1.696e-07    1.696e-07    1.696e-07    1.696e-07    
'FL32      ' -1.297e-08   -1.297e-08   -1.297e-08   -1.297e-08   -3.699e-08   -3.699e-08   -3.699e-08   -3.699e-08   1.697e-07    1.697e-07    1.697e-07    1.697e-07    
'FL33      ' -1.292e-08   -1.292e-08   -1.292e-08   -1.292e-08   -3.742e-08   -3.742e-08   -3.742e-08   -3.742e-08   1.695e-07    1.695e-07    1.695e-07    1.695e-07    
'FL34      ' -1.345e-08   -1.345e-08   -1.345e-08   -1.345e-08   -4.073e-08   -4.073e-08   -4.073e-08   -4.073e-08   1.747e-07    1.747e-07    1.747e-07    1.747e-07    
'FL35      ' -1.364e-08   -1.364e-08   -1.364e-08   -1.364e-08   -4.157e-08   -4.157e-08   -4.157e-08   -4.157e-08   1.811e-07    1.811e-07    1.811e-07    1.811e-07    
'FL36      ' -1.384e-08   -1.384e-08   -1.384e-08   -1.384e-08   -4.244e-08   -4.244e-08   -4.244e-08   -4.244e-08   1.829e-07    1.829e-07    1.829e-07    1.829e-07    
'FL37      ' -1.406e-08   -1.406e-08   -1.406e-08   -1.406e-08   -4.340e-08   -4.340e-08   -4.340e-08   -4.340e-08   1.850e-07    1.850e-07    1.850e-07    1.850e-07    
'FL38      ' -1.432e-08   -1.432e-08   -1.432e-08   -1.432e-08   -4.446e-08   -4.446e-08   -4.446e-08   -4.446e-08   1.873e-07    1.873e-07    1.873e-07    1.873e-07    
'FL39      ' -1.460e-08   -1.460e-08   -1.460e-08   -1.460e-08   -4.557e-08   -4.557e-08   -4.557e-08   -4.557e-08   1.897e-07    1.897e-07    1.897e-07    1.897e-07    
'FL40      ' -1.688e-08   -1.688e-08   -1.688e-08   -1.688e-08   -5.418e-08   -5.418e-08   -5.418e-08   -5.418e-08   2.093e-07    2.093e-07    2.093e-07    2.093e-07    
'FL41      ' -1.734e-08   -1.734e-08   -1.734e-08   -1.734e-08   -5.589e-08   -5.589e-08   -5.589e-08   -5.589e-08   2.131e-07    2.131e-07    2.131e-07    2.131e-07    
'FL42      ' -4.383e-08   -4.383e-08   -4.383e-08   -4.383e-08   2.609e-07    2.609e-07    2.609e-07    2.609e-07    -9.766e-09   -9.766e-09   -9.766e-09   -9.766e-09   
'FL43      ' -4.488e-08   -4.488e-08   -4.488e-08   -4.488e-08   2.643e-07    2.643e-07    2.643e-07    2.643e-07    -9.900e-09   -9.900e-09   -9.900e-09   -9.900e-09   
'FL44      ' 2.697e-07    2.697e-07    2.697e-07    2.697e-07    5.497e-09    5.497e-09    5.497e-09    5.497e-09    -1.264e-08   -1.264e-08   -1.264e-08   -1.264e-08   
'FL45      ' 2.856e-07    2.856e-07    2.856e-07    2.856e-07    4.649e-09    4.649e-09    4.649e-09    4.649e-09    -1.323e-08   -1.323e-08   -1.323e-08   -1.323e-08   
'MP4P01R   ' 1.020e-08    2.896e-07    2.138e-08    5.042e-09    1.016e-08    -1.032e-06   6.735e-09    8.704e-09    1.010e-08    2.280e-07    2.165e-08    5.080e-09    
'MP4P01Z   ' -6.989e-09   -9.428e-08   1.437e-08    -8.370e-10   -8.387e-10   8.968e-08    -6.943e-09   -2.520e-10   6.131e-09    3.634e-08    -1.376e-08   6.484e-10    
'MP4P02R   ' 1.016e-08    3.543e-07    2.095e-08    4.976e-09    1.005e-08    -1.044e-06   6.454e-09    8.661e-09    9.967e-09    1.788e-07    2.161e-08    5.103e-09    
'MP4P02Z   ' -7.881e-09   -2.079e-07   1.435e-08    -1.060e-09   -2.567e-09   3.031e-07    -2.040e-08   -8.129e-10   5.192e-09    4.735e-09    -1.296e-08   4.274e-10    
'MP4P03R   ' 1.000e-08    3.765e-07    2.025e-08    4.885e-09    9.832e-09    -1.017e-06   5.826e-09    8.570e-09    9.758e-09    1.407e-07    2.135e-08    5.104e-09    
'MP4P03Z   ' -8.734e-09   -4.182e-07   1.366e-08    -1.290e-09   -4.263e-09   6.026e-07    -3.256e-08   -1.382e-09   4.243e-09    -1.221e-08   -1.203e-08   2.011e-10    
'MP4P04R   ' 9.750e-09    2.153e-07    1.921e-08    4.770e-09    9.503e-09    -8.044e-07   4.945e-09    8.432e-09    9.473e-09    1.114e-07    2.092e-08    5.082e-09    
'MP4P04Z   ' -9.503e-09   -7.235e-07   1.225e-08    -1.514e-09   -5.872e-09   9.930e-07    -4.269e-08   -1.938e-09   3.321e-09    -2.094e-08   -1.103e-08   -1.903e-11   
'MP4P05R   ' 9.397e-09    -2.584e-07   1.782e-08    4.630e-09    9.074e-09    -2.682e-07   3.891e-09    8.248e-09    9.125e-09    8.885e-08    2.036e-08    5.038e-09    
'MP4P05Z   ' -1.017e-08   -8.674e-07   1.016e-08    -1.733e-09   -7.367e-09   1.220e-06    -5.029e-08   -2.479e-09   2.440e-09    -2.515e-08   -1.007e-08   -2.331e-10   
'MP4P06R   ' 1.226e-08    -7.386e-07   1.121e-08    4.832e-09    1.138e-08    2.484e-07    2.453e-08    8.622e-09    7.350e-09    6.084e-08    2.073e-08    4.833e-09    
'MP4P06Z   ' -7.192e-09   -3.330e-07   8.307e-09    -3.749e-10   -6.612e-09   6.981e-07    -5.350e-08   -3.768e-10   3.709e-09    -5.911e-09   -2.200e-10   1.282e-09    
'MP4P07R   ' 1.416e-08    -7.734e-07   9.694e-09    4.925e-09    1.347e-08    2.510e-07    3.884e-08    8.821e-09    6.396e-09    5.422e-08    1.979e-08    4.538e-09    
'MP4P07Z   ' -4.228e-09   -1.501e-07   6.904e-09    7.222e-10    -4.779e-09   5.356e-07    -4.604e-08   1.459e-09    4.718e-09    1.387e-09    5.363e-09    2.431e-09    
'MP4P08R   ' 1.512e-08    -7.455e-07   1.063e-08    5.080e-09    1.479e-08    2.834e-07    4.372e-08    9.176e-09    6.300e-09    4.992e-08    1.919e-08    4.555e-09    
'MP4P08Z   ' -3.280e-09   1.403e-07    4.128e-09    1.034e-09    -4.719e-09   3.872e-07    -4.169e-08   1.916e-09    4.604e-09    -9.255e-10   7.065e-09    2.827e-09    
'MP4P09R   ' 1.604e-08    -5.727e-07   1.214e-08    5.272e-09    1.618e-08    2.719e-07    4.728e-08    9.605e-09    6.320e-09    4.645e-08    1.859e-08    4.600e-09    
'MP4P09Z   ' -2.311e-09   3.899e-07    1.732e-09    1.327e-09    -4.574e-09   2.790e-07    -3.646e-08   2.350e-09    4.450e-09    -2.852e-09   8.327e-09    3.214e-09    
'MP4P10R   ' 1.799e-08    -4.263e-08   1.643e-08    5.762e-09    1.958e-08    2.093e-07    5.277e-08    1.066e-08    6.487e-09    4.113e-08    1.700e-08    4.596e-09    
'MP4P10Z   ' 7.850e-10    4.609e-07    -4.963e-10   2.248e-09    -2.944e-09   1.552e-07    -2.220e-08   3.840e-09    4.400e-09    -4.008e-09   1.080e-08    4.318e-09    
'MP4P11R   ' 1.881e-08    7.866e-08    1.844e-08    6.031e-09    2.106e-08    1.897e-07    5.411e-08    1.120e-08    6.668e-09    3.985e-08    1.649e-08    4.601e-09    
'MP4P11Z   ' 2.279e-09    3.730e-07    -2.660e-10   2.725e-09    -1.898e-09   1.259e-07    -1.668e-08   4.626e-09    4.459e-09    -4.289e-09   1.156e-08    4.852e-09    
'MP4P12R   ' 1.965e-08    1.341e-07    2.081e-08    6.358e-09    2.289e-08    1.648e-07    5.512e-08    1.184e-08    6.892e-09    3.836e-08    1.565e-08    4.508e-09    
'MP4P12Z   ' 4.610e-09    2.604e-07    9.384e-10    3.505e-09    6.011e-11    1.014e-07    -9.231e-09   5.932e-09    4.665e-09    -3.827e-09   1.257e-08    5.652e-09    
'MP4P13R   ' 1.885e-08    1.133e-07    2.218e-08    5.830e-09    2.381e-08    1.303e-07    5.528e-08    1.098e-08    6.197e-09    3.754e-08    1.239e-08    3.167e-09    
'MP4P13Z   ' 1.060e-08    2.045e-07    6.775e-09    5.570e-09    6.688e-09    1.079e-07    7.079e-09    9.580e-09    6.167e-09    3.190e-09    1.586e-08    7.219e-09    
'MP4P14R   ' 1.701e-08    1.069e-07    2.233e-08    4.889e-09    2.321e-08    1.098e-07    5.280e-08    9.391e-09    5.383e-09    3.706e-08    9.384e-09    1.580e-09    
'MP4P14Z   ' 1.615e-08    1.690e-07    1.286e-08    7.695e-09    1.325e-08    1.087e-07    2.038e-08    1.319e-08    7.614e-09    8.760e-09    1.823e-08    8.573e-09    
'MP4P15R   ' 9.902e-09    8.917e-08    1.745e-08    1.302e-09    1.698e-08    8.102e-08    4.273e-08    3.387e-09    2.510e-09    3.497e-08    2.837e-09    -2.248e-09   
'MP4P15Z   ' 2.390e-08    1.590e-07    2.265e-08    1.056e-08    2.348e-08    1.236e-07    4.007e-08    1.802e-08    9.832e-09    2.052e-08    2.122e-08    9.650e-09    
'MP4P16R   ' -5.591e-09   8.693e-08    3.369e-09    -6.815e-09   4.276e-10    5.277e-08    2.024e-08    -9.721e-09   -3.752e-09   2.919e-08    -7.816e-09   -8.696e-09   
'MP4P16Z   ' 2.788e-08    1.609e-07    2.933e-08    1.106e-08    3.083e-08    1.457e-07    5.780e-08    1.891e-08    1.067e-08    3.926e-08    2.217e-08    8.011e-09    
'MP4P17R   ' -1.612e-08   1.259e-07    -7.189e-09   -1.233e-08   -1.210e-08   5.715e-08    6.005e-09    -1.861e-08   -8.926e-09   2.586e-08    -1.547e-08   -1.239e-08   
'MP4P17Z   ' 2.267e-08    1.582e-07    2.236e-08    7.139e-09    2.649e-08    1.709e-07    5.975e-08    1.270e-08    7.942e-09    5.814e-08    2.067e-08    4.157e-09    
'MP4P18R   ' -1.650e-08   1.634e-07    -7.756e-09   -1.308e-08   -1.295e-08   8.914e-08    9.370e-09    -1.976e-08   -9.862e-09   3.336e-08    -1.569e-08   -1.296e-08   
'MP4P18Z   ' 2.097e-08    1.250e-07    1.730e-08    6.469e-09    2.423e-08    1.707e-07    5.646e-08    1.145e-08    7.145e-09    6.407e-08    2.154e-08    3.799e-09    
'MP4P19R   ' -1.682e-08   1.772e-07    -1.158e-08   -1.496e-08   -1.584e-08   1.962e-07    1.851e-08    -2.301e-08   -1.349e-08   7.615e-08    -1.571e-08   -1.470e-08   
'MP4P19Z   ' 1.144e-08    -2.448e-08   -4.444e-09   3.189e-09    1.144e-08    9.956e-08    2.905e-08    5.165e-09    1.753e-09    8.176e-08    2.108e-08    1.478e-09    
'MP4P20R   ' -1.648e-08   1.580e-07    -1.271e-08   -1.518e-08   -1.628e-08   2.139e-07    1.989e-08    -2.348e-08   -1.440e-08   9.361e-08    -1.531e-08   -1.499e-08   
'MP4P20Z   ' 8.472e-09    -5.085e-08   -9.570e-09   2.184e-09    6.995e-09    6.294e-08    1.804e-08    3.116e-09    -4.437e-10   8.239e-08    1.952e-08    6.220e-10    
'MP4P21R   ' -1.594e-08   1.363e-07    -1.374e-08   -1.524e-08   -1.650e-08   2.233e-07    2.063e-08    -2.370e-08   -1.522e-08   1.136e-07    -1.466e-08   -1.517e-08   
'MP4P21Z   ' 5.634e-09    -6.845e-08   -1.379e-08   1.217e-09    2.408e-09    2.217e-08    6.283e-09    1.060e-09    -2.881e-09   7.877e-08    1.717e-08    -2.678e-10   
'MP4P22R   ' -1.524e-08   1.142e-07    -1.464e-08   -1.517e-08   -1.650e-08   2.235e-07    2.064e-08    -2.370e-08   -1.592e-08   1.358e-07    -1.378e-08   -1.524e-08   
'MP4P22Z   ' 2.997e-09    -7.907e-08   -1.705e-08   3.428e-10    -2.240e-09   -2.197e-08   -6.073e-09   -9.275e-10   -5.514e-09   6.834e-08    1.393e-08    -1.141e-09   
'MP4P23R   ' -1.442e-08   9.374e-08    -1.533e-08   -1.499e-08   -1.629e-08   2.141e-07    1.988e-08    -2.348e-08   -1.648e-08   1.579e-07    -1.272e-08   -1.517e-08   
'MP4P23Z   ' 4.904e-10    -8.256e-08   -1.948e-08   -5.931e-10   -6.923e-09   -6.281e-08   -1.794e-08   -3.063e-09   -8.421e-09   5.098e-08    9.643e-09    -2.154e-09   
'MP4P24R   ' -1.350e-08   7.613e-08    -1.575e-08   -1.470e-08   -1.586e-08   1.962e-07    1.847e-08    -2.302e-08   -1.684e-08   1.772e-07    -1.158e-08   -1.497e-08   
'MP4P24Z   ' -1.701e-09   -8.200e-08   -2.103e-08   -1.433e-09   -1.137e-08   -9.982e-08   -2.901e-08   -5.089e-09   -1.137e-08   2.432e-08    4.520e-09    -3.143e-09   
'MP4P25R   ' -9.864e-09   3.354e-08    -1.566e-08   -1.296e-08   -1.292e-08   8.980e-08    9.491e-09    -1.975e-08   -1.647e-08   1.641e-07    -7.745e-09   -1.307e-08   
'MP4P25Z   ' -7.147e-09   -6.411e-08   -2.157e-08   -3.812e-09   -2.421e-08   -1.706e-07   -5.640e-08   -1.146e-08   -2.097e-08   -1.244e-07   -1.724e-08   -6.479e-09   
'MP4P26R   ' -8.825e-09   2.694e-08    -1.514e-08   -1.239e-08   -1.178e-08   6.038e-08    6.935e-09    -1.853e-08   -1.583e-08   1.283e-07    -6.811e-09   -1.230e-08   
'MP4P26Z   ' -8.080e-09   -5.773e-08   -2.091e-08   -4.337e-09   -2.665e-08   -1.691e-07   -5.951e-08   -1.297e-08   -2.287e-08   -1.542e-07   -2.236e-08   -7.318e-09   
'MP4P27R   ' -3.837e-09   2.913e-08    -7.943e-09   -8.757e-09   2.237e-10    5.267e-08    2.000e-08    -9.868e-09   -5.769e-09   8.738e-08    3.179e-09    -6.905e-09   
'MP4P27Z   ' -1.065e-08   -3.954e-08   -2.216e-08   -7.963e-09   -3.082e-08   -1.462e-07   -5.792e-08   -1.885e-08   -2.785e-08   -1.613e-07   -2.931e-08   -1.102e-08   
'MP4P28R   ' 2.685e-09    3.545e-08    3.252e-09    -2.064e-09   1.742e-08    8.381e-08    4.357e-08    3.717e-09    1.036e-08    9.307e-08    1.788e-08    1.495e-09    
'MP4P28Z   ' -9.786e-09   -1.989e-08   -2.118e-08   -9.689e-09   -2.314e-08   -1.223e-07   -3.924e-08   -1.794e-08   -2.370e-08   -1.579e-07   -2.232e-08   -1.053e-08   
'MP4P29R   ' 5.369e-09    3.716e-08    9.394e-09    1.575e-09    2.319e-08    1.103e-07    5.288e-08    9.369e-09    1.701e-08    1.079e-07    2.233e-08    4.878e-09    
'MP4P29Z   ' -7.626e-09   -8.796e-09   -1.825e-08   -8.572e-09   -1.325e-08   -1.090e-07   -2.036e-08   -1.320e-08   -1.615e-08   -1.699e-07   -1.288e-08   -7.698e-09   
'MP4P30R   ' 6.278e-09    3.766e-08    1.262e-08    3.262e-09    2.390e-08    1.322e-07    5.544e-08    1.111e-08    1.900e-08    1.172e-07    2.229e-08    5.904e-09    
'MP4P30Z   ' -6.277e-09   -3.786e-09   -1.607e-08   -7.277e-09   -7.088e-09   -1.100e-07   -7.965e-09   -9.773e-09   -1.092e-08   -2.066e-07   -7.163e-09   -5.675e-09   
'MP4P31R   ' 6.913e-09    3.838e-08    1.571e-08    4.534e-09    2.289e-08    1.655e-07    5.510e-08    1.186e-08    1.967e-08    1.358e-07    2.082e-08    6.374e-09    
'MP4P31Z   ' -4.696e-09   3.685e-09    -1.264e-08   -5.671e-09   -1.512e-10   -1.021e-07   9.035e-09    -5.982e-09   -4.688e-09   -2.613e-07   -1.028e-09   -3.532e-09   
'MP4P32R   ' 6.653e-09    3.984e-08    1.642e-08    4.578e-09    2.111e-08    1.886e-07    5.422e-08    1.119e-08    1.882e-08    7.927e-08    1.850e-08    6.026e-09    
'MP4P32Z   ' -4.547e-09   3.783e-09    -1.179e-08   -4.926e-09   1.594e-09    -1.277e-07   1.583e-08    -4.794e-09   -2.565e-09   -3.715e-07   1.345e-11    -2.817e-09   
'MP4P33R   ' 6.487e-09    4.113e-08    1.700e-08    4.596e-09    1.958e-08    2.093e-07    5.277e-08    1.066e-08    1.799e-08    -4.263e-08   1.643e-08    5.762e-09    
'MP4P33Z   ' -4.400e-09   4.008e-09    -1.080e-08   -4.318e-09   2.944e-09    -1.552e-07   2.220e-08    -3.840e-09   -7.850e-10   -4.609e-07   4.963e-10    -2.248e-09   
'MP4P34R   ' 6.282e-09    4.643e-08    1.851e-08    4.572e-09    1.622e-08    2.690e-07    4.757e-08    9.584e-09    1.606e-08    -5.744e-07   1.212e-08    5.260e-09    
'MP4P34Z   ' -4.499e-09   2.461e-09    -8.480e-09   -3.251e-09   4.444e-09    -2.810e-07   3.605e-08    -2.426e-09   2.180e-09    -3.844e-07   -1.817e-09   -1.369e-09   
'MP4P35R   ' 6.304e-09    4.981e-08    1.918e-08    4.558e-09    1.477e-08    2.823e-07    4.361e-08    9.175e-09    1.510e-08    -7.411e-07   1.061e-08    5.078e-09    
'MP4P35Z   ' -4.585e-09   9.840e-10    -7.032e-09   -2.816e-09   4.751e-09    -3.859e-07   4.173e-08    -1.894e-09   3.309e-09    -1.411e-07   -4.076e-09   -1.022e-09   
'MP4P36R   ' 6.429e-09    5.421e-08    1.983e-08    4.554e-09    1.343e-08    2.544e-07    3.851e-08    8.830e-09    1.413e-08    -7.737e-07   9.739e-09    4.930e-09    
'MP4P36Z   ' -4.671e-09   -1.006e-09   -5.223e-09   -2.398e-09   4.876e-09    -5.334e-07   4.631e-08    -1.396e-09   4.329e-09    1.443e-07    -6.828e-09   -6.865e-10   
'MP4P37R   ' 7.352e-09    6.075e-08    2.072e-08    4.833e-09    1.137e-08    2.487e-07    2.446e-08    8.619e-09    1.224e-08    -7.375e-07   1.121e-08    4.830e-09    
'MP4P37Z   ' -3.696e-09   5.974e-09    2.431e-10    -1.275e-09   6.631e-09    -6.960e-07   5.352e-08    3.906e-10    7.209e-09    3.302e-07    -8.274e-09   3.824e-10    
'MP4P38R   ' 9.114e-09    8.879e-08    2.036e-08    5.034e-09    9.078e-09    -2.691e-07   3.975e-09    8.245e-09    9.402e-09    -2.568e-07   1.778e-08    4.628e-09    
'MP4P38Z   ' -2.455e-09   2.477e-08    1.002e-08    2.247e-10    7.346e-09    -1.211e-06   5.025e-08    2.464e-09    1.015e-08    8.607e-07    -1.019e-08   1.724e-09    
'MP4P39R   ' 9.472e-09    1.113e-07    2.088e-08    5.077e-09    9.486e-09    -7.985e-07   4.880e-09    8.421e-09    9.723e-09    2.110e-07    1.921e-08    4.763e-09    
'MP4P39Z   ' -3.307e-09   2.080e-08    1.106e-08    2.713e-11    5.878e-09    -9.884e-07   4.263e-08    1.950e-09    9.510e-09    7.188e-07    -1.222e-08   1.521e-09    
'MP4P40R   ' 9.762e-09    1.405e-07    2.129e-08    5.100e-09    9.814e-09    -1.011e-06   5.750e-09    8.560e-09    9.971e-09    3.721e-07    2.026e-08    4.878e-09    
'MP4P40Z   ' -4.217e-09   1.220e-08    1.208e-08    -1.876e-10   4.283e-09    -6.040e-07   3.254e-08    1.404e-09    8.754e-09    4.185e-07    -1.360e-08   1.302e-09    
'MP4P41R   ' 9.988e-09    1.786e-07    2.152e-08    5.102e-09    1.003e-08    -1.040e-06   6.357e-09    8.652e-09    1.011e-08    3.519e-07    2.100e-08    4.968e-09    
'MP4P41Z   ' -5.139e-09   -4.125e-09   1.307e-08    -4.007e-10   2.619e-09    -3.088e-07   2.044e-08    8.580e-10    7.931e-09    2.104e-07    -1.424e-08   1.086e-09    
'MP4P42R   ' 1.014e-08    2.280e-07    2.155e-08    5.083e-09    1.015e-08    -1.031e-06   6.693e-09    8.699e-09    1.015e-08    2.887e-07    2.147e-08    5.034e-09    
'MP4P42Z   ' -6.061e-09   -3.496e-08   1.390e-08    -6.138e-10   9.091e-10    -9.691e-08   7.004e-09    3.114e-10    7.057e-09    9.658e-08    -1.423e-08   8.712e-10    
'PLMP01Z   ' -7.600e-09   5.018e-07    1.529e-08    -3.272e-10   -1.153e-09   -3.756e-07   -1.128e-08   7.886e-10    8.306e-09    -1.872e-07   -9.945e-09   1.539e-09    
'PLMP02Z   ' -6.567e-09   1.020e-06    1.699e-08    4.591e-10    -2.377e-09   -1.067e-06   -2.336e-08   1.832e-09    8.369e-09    -1.170e-07   -5.649e-09   2.328e-09    
'PLMP03Z   ' -8.369e-09   1.170e-07    5.649e-09    -2.328e-09   2.377e-09    1.067e-06    2.336e-08    -1.832e-09   6.567e-09    -1.020e-06   -1.699e-08   -4.591e-10   
'PLMP04Z   ' -8.306e-09   1.872e-07    9.945e-09    -1.539e-09   1.153e-09    3.756e-07    1.128e-08    -7.886e-10   7.600e-09    -5.018e-07   -1.529e-08   3.272e-10    
'PPMP05Z   ' 3.469e-09    6.305e-10    -1.541e-06   6.315e-09    5.259e-09    -1.013e-09   -2.208e-07   -5.626e-08   5.118e-09    6.590e-09    -4.214e-08   7.764e-09    
'PPMP18Z   ' -5.118e-09   -6.590e-09   4.214e-08    -7.764e-09   -5.259e-09   1.013e-09    2.208e-07    5.626e-08    -3.469e-09   -6.305e-10   1.541e-06    -6.315e-09   
'PPMP03Z   ' 4.417e-09    3.842e-09    8.932e-08    3.191e-08    7.419e-09    4.723e-09    -9.934e-07   -5.644e-08   5.566e-09    9.768e-09    -2.307e-08   1.504e-08    
'PPMP20Z   ' -5.565e-09   -9.764e-09   2.305e-08    -1.504e-08   -7.416e-09   -4.718e-09   9.918e-07    5.644e-08    -4.415e-09   -3.839e-09   -8.709e-08   -3.188e-08   
'MP4P43Z   ' -3.425e-09   7.916e-07    1.800e-08    1.841e-09    -2.790e-09   -1.307e-06   -4.279e-08   3.553e-09    7.722e-09    -6.302e-08   1.307e-09    3.597e-09    
'MP4P44Z   ' -4.706e-09   -2.704e-07   1.269e-08    1.525e-09    -5.326e-09   -7.558e-07   -4.817e-08   2.808e-09    6.149e-09    -6.229e-08   7.010e-10    3.409e-09    
'MP4P45Z   ' -7.713e-11   -1.565e-06   8.188e-09    3.288e-09    -3.575e-09   -2.333e-07   -3.921e-08   5.397e-09    6.206e-09    -4.007e-08   6.961e-09    5.155e-09    
'MP4P50Z   ' -6.206e-09   4.007e-08    -6.961e-09   -5.155e-09   3.575e-09    2.333e-07    3.921e-08    -5.397e-09   7.713e-11    1.565e-06    -8.188e-09   -3.288e-09   
'MP4P51Z   ' -6.149e-09   6.229e-08    -7.010e-10   -3.409e-09   5.326e-09    7.558e-07    4.817e-08    -2.808e-09   4.706e-09    2.704e-07    -1.269e-08   -1.525e-09   
'MP4P52Z   ' -7.722e-09   6.302e-08    -1.307e-09   -3.597e-09   2.790e-09    1.307e-06    4.279e-08    -3.553e-09   3.425e-09    -7.916e-07   -1.800e-08   -1.841e-09   
